4294967278,25
4294967278,24
4294967278,32
4294967278,31
4294967278,30
4294967278,29
4294967278,28
4294967278,27
4294967278,26
4294967279,281
4294967279,287
4294967279,288
4294967279,279
4294967279,285
4294967278,547
4294967279,286
4294967279,266
4294967279,362
4294967278,546
4294967279,264
4294967279,278
4294967279,261
4294967278,35
4294967278,34
4294967278,33
4294967279,277
4294967278,42
4294967278,41
4294967278,40
4294967278,39
4294967278,38
4294967278,37
4294967278,36
4294967278,545
4294967279,361
4294967279,276
4294967279,360
4294967279,256
4294967278,544
4294967279,359
4294967278,543
4294967278,542
4294967294,429
19,4
4294967279,358
4294967279,357
4294967278,256
4294967279,356
4294967278,541
4294967279,355
4294967278,540
4294967279,354
4294967278,254
4294967278,253
19,5
4294967278,250
19,3
19,2
19,1
4294967279,353
4294967278,248
4294967278,247
4294967278,44
4294967278,43
4294967278,245
4294967278,50
4294967278,49
4294967278,48
4294967278,47
4294967278,46
4294967278,45
4294967279,56
4294967279,55
4294967279,53
4294967279,52
4294967279,51
4294967278,243
4294967278,237
4294967278,236
4294967278,234
4294967278,232
17,4
4294967278,229
4294967278,225
4294967278,221
4294967278,218
4294967278,216
17,5
4294967278,214
4294967279,352
17,3
17,2
17,1
4294967279,351
4294967278,213
4294967278,539
4294967278,538
4294967279,47
4294967279,45
4294967279,44
4294967279,42
4294967279,41
4294967279,40
4294967279,39
4294967279,38
4294967279,37
4294967279,36
4294967279,35
4294967279,34
4294967279,32
4294967279,31
4294967279,30
4294967279,29
4294967279,27
4294967279,25
4294967279,24
4294967279,22
4294967279,21
4294967279,20
4294967279,19
4294967279,17
4294967279,16
4294967279,13
4294967279,12
4294967279,10
4294967279,350
4294967278,210
4294967278,209
4294967279,349
4294967278,208
4294967278,207
4294967279,348
15,4
4294967278,516
4294967279,347
4294967279,346
4294967294,128
4294967294,185
4294967279,345
4294967294,389
4294967294,469
4294967278,515
4294967278,537
4294967278,200
4294967278,199
15,5
4294967278,198
15,3
15,2
15,1
4294967279,344
4294967279,260
4294967279,0
4294967278,197
4294967294,19
4294967278,536
4294967278,260
4294967278,0
14,4
4294967278,512
4294967278,319
4294967294,5
4294967294,1
4294967294,437
4294967294,0
4294967294,107
9,3
4294967294,17
4294967294,99
4294967294,76
4294967294,36
4294967294,41
4294967294,39
4294967294,42
4294967294,440
4294967294,392
4294967294,46
4294967294,388
4294967294,120
4294967294,114
4294967294,2
4294967294,45
4294967294,52
4294967294,51
4294967294,82
4294967294,92
4294967294,91
4294967294,90
4294967294,88
4294967294,87
4294967294,86
4294967294,85
4294967294,84
4294967294,83
4294967294,129
4294967294,153
4294967294,154
4294967294,29
4294967294,418
4294967294,28
4294967294,155
4294967294,26
4294967294,53
4294967294,393
4294967294,1417
4294967294,44
4294967278,318
4294967278,317
4294967278,190
4294967278,189
14,5
4294967278,187
4294967294,96
4294967294,94
4294967278,188
14,3
14,2
14,1
4294967278,315
4294967294,8
0,7
4294967278,314
4294967294,75
4294967294,18
4294967294,14
4294967294,126
4294967294,20
4294967294,13
4294967278,313
4294967278,312
9,5
4294967294,7
4294967294,6
4294967294,22
6,4
5,4
4294967278,310
4294967294,425
4,4
4294967294,12
4294967294,30
4294967294,146
4294967294,145
4294967294,143
4294967294,142
4294967294,137
4294967294,1020
4294967294,995
4294967294,993
4294967294,992
4294967294,991
4294967294,990
4294967294,60
4294967294,25
4294967294,93
4294967294,95
2,4
4294967294,127
4294967294,67
4294967294,43
4294967294,416
4294967294,50
4294967294,40
4294967294,470
4294967294,1019
4294967294,27
4294967294,203
4294967294,1416
4294967294,68
4294967294,11
4294967294,81
4294967278,132
4294967278,131
4294967278,130
4294967278,129
4294967278,128
4294967278,127
4294967278,126
4294967278,125
4294967278,124
4294967278,123
4294967278,122
4294967278,121
4294967278,120
4294967278,119
4294967278,118
4294967278,117
4294967278,116
4294967278,115
4294967278,114
4294967278,113
4294967278,112
4294967278,111
4294967278,110
4294967278,109
4294967278,108
4294967278,107
4294967278,106
4294967278,105
4294967278,104
4294967278,103
4294967278,102
4294967278,101
4294967278,100
4294967278,99
4294967278,98
4294967278,97
4294967278,96
4294967278,95
